time(h)	PPFD(umol/m2/s)	VPD(kPa)	T(oC)
0	50.5	0.21624253	22.48148148
1	332.3333333	0.472463525	24.46296296
2	790.3333333	0.862742645	26.30555556
3	1262	1.165408039	27.33333333
4	1413.666667	1.38336475	28.28703704
5	1612.833333	1.632838359	28.90740741
6	1798.166667	1.902109371	29.74074074
7	1745.833333	2.105061309	30.48148148
8	1454.833333	2.247487394	30.59259259
9	1029.833333	2.221494297	30.62037037
10	633.6666667	2.178290954	30.38888889
11	300	2.018482035	29.73148148
12	56	1.518719495	28.13888889
13	0	0.833417006	25.75925926
14	0	0.6470646	25.43518519
15	0	0.375632854	24.81481481
16	0	0.233208792	24.32407407
17	0	0.159987572	24.01851852
18	0	0.107824274	23.68518519
19	0	0.069510545	23.31481481
20	0	0.038987514	23.19444444
21	0	0.022418685	23.25
22	0	0.027645537	22.94444444
23	0	0.015899847	22.92592593
24	50.5	0.21624253	22.48148148
25	332.3333333	0.472463525	24.46296296
26	790.3333333	0.862742645	26.30555556
27	1262	1.165408039	27.33333333
28	1413.666667	1.38336475	28.28703704
29	1612.833333	1.632838359	28.90740741
30	1798.166667	1.902109371	29.74074074
31	1745.833333	2.105061309	30.48148148
32	1454.833333	2.247487394	30.59259259
33	1029.833333	2.221494297	30.62037037
34	633.6666667	2.178290954	30.38888889
35	300	2.018482035	29.73148148
36	56	1.518719495	28.13888889
37	0	0.833417006	25.75925926
38	0	0.6470646	25.43518519
39	0	0.375632854	24.81481481
40	0	0.233208792	24.32407407
41	0	0.159987572	24.01851852
42	0	0.107824274	23.68518519
43	0	0.069510545	23.31481481
44	0	0.038987514	23.19444444
45	0	0.022418685	23.25
46	0	0.027645537	22.94444444
47	0	0.015899847	22.92592593
48	50.5	0.21624253	22.48148148
49	332.3333333	0.472463525	24.46296296
50	790.3333333	0.862742645	26.30555556
51	1262	1.165408039	27.33333333
52	1413.666667	1.38336475	28.28703704
53	1612.833333	1.632838359	28.90740741
54	1798.166667	1.902109371	29.74074074
55	1745.833333	2.105061309	30.48148148
56	1454.833333	2.247487394	30.59259259
57	1029.833333	2.221494297	30.62037037
58	633.6666667	2.178290954	30.38888889
59	300	2.018482035	29.73148148
60	56	1.518719495	28.13888889
61	0	0.833417006	25.75925926
62	0	0.6470646	25.43518519
63	0	0.375632854	24.81481481
64	0	0.233208792	24.32407407
65	0	0.159987572	24.01851852
66	0	0.107824274	23.68518519
67	0	0.069510545	23.31481481
68	0	0.038987514	23.19444444
69	0	0.022418685	23.25
70	0	0.027645537	22.94444444
71	0	0.015899847	22.92592593
72	50.5	0.21624253	22.48148148
73	332.3333333	0.472463525	24.46296296
74	790.3333333	0.862742645	26.30555556
75	1262	1.165408039	27.33333333
76	1413.666667	1.38336475	28.28703704
77	1612.833333	1.632838359	28.90740741
78	1798.166667	1.902109371	29.74074074
79	1745.833333	2.105061309	30.48148148
80	1454.833333	2.247487394	30.59259259
81	1029.833333	2.221494297	30.62037037
82	633.6666667	2.178290954	30.38888889
83	300	2.018482035	29.73148148
84	56	1.518719495	28.13888889
85	0	0.833417006	25.75925926
86	0	0.6470646	25.43518519
87	0	0.375632854	24.81481481
88	0	0.233208792	24.32407407
89	0	0.159987572	24.01851852
90	0	0.107824274	23.68518519
91	0	0.069510545	23.31481481
92	0	0.038987514	23.19444444
93	0	0.022418685	23.25
94	0	0.027645537	22.94444444
95	0	0.015899847	22.92592593
96	50.5	0.21624253	22.48148148
97	332.3333333	0.472463525	24.46296296
98	790.3333333	0.862742645	26.30555556
99	1262	1.165408039	27.33333333
100	1413.666667	1.38336475	28.28703704
101	1612.833333	1.632838359	28.90740741
102	1798.166667	1.902109371	29.74074074
103	1745.833333	2.105061309	30.48148148
104	1454.833333	2.247487394	30.59259259
105	1029.833333	2.221494297	30.62037037
106	633.6666667	2.178290954	30.38888889
107	300	2.018482035	29.73148148
108	56	1.518719495	28.13888889
109	0	0.833417006	25.75925926
110	0	0.6470646	25.43518519
111	0	0.375632854	24.81481481
112	0	0.233208792	24.32407407
113	0	0.159987572	24.01851852
114	0	0.107824274	23.68518519
115	0	0.069510545	23.31481481
116	0	0.038987514	23.19444444
117	0	0.022418685	23.25
118	0	0.027645537	22.94444444
119	0	0.015899847	22.92592593
120	50.5	0.21624253	22.48148148
121	332.3333333	0.472463525	24.46296296
122	790.3333333	0.862742645	26.30555556
123	1262	1.165408039	27.33333333
124	1413.666667	1.38336475	28.28703704
125	1612.833333	1.632838359	28.90740741
126	1798.166667	1.902109371	29.74074074
127	1745.833333	2.105061309	30.48148148
128	1454.833333	2.247487394	30.59259259
129	1029.833333	2.221494297	30.62037037
130	633.6666667	2.178290954	30.38888889
131	300	2.018482035	29.73148148
132	56	1.518719495	28.13888889
133	0	0.833417006	25.75925926
134	0	0.6470646	25.43518519
135	0	0.375632854	24.81481481
136	0	0.233208792	24.32407407
137	0	0.159987572	24.01851852
138	0	0.107824274	23.68518519
139	0	0.069510545	23.31481481
140	0	0.038987514	23.19444444
141	0	0.022418685	23.25
142	0	0.027645537	22.94444444
143	0	0.015899847	22.92592593
144	50.5	0.21624253	22.48148148
145	332.3333333	0.472463525	24.46296296
146	790.3333333	0.862742645	26.30555556
147	1262	1.165408039	27.33333333
148	1413.666667	1.38336475	28.28703704
149	1612.833333	1.632838359	28.90740741
150	1798.166667	1.902109371	29.74074074
151	1745.833333	2.105061309	30.48148148
152	1454.833333	2.247487394	30.59259259
153	1029.833333	2.221494297	30.62037037
154	633.6666667	2.178290954	30.38888889
155	300	2.018482035	29.73148148
156	56	1.518719495	28.13888889
157	0	0.833417006	25.75925926
158	0	0.6470646	25.43518519
159	0	0.375632854	24.81481481
160	0	0.233208792	24.32407407
161	0	0.159987572	24.01851852
162	0	0.107824274	23.68518519
163	0	0.069510545	23.31481481
164	0	0.038987514	23.19444444
165	0	0.022418685	23.25
166	0	0.027645537	22.94444444
167	0	0.015899847	22.92592593
168	50.5	0.21624253	22.48148148
169	332.3333333	0.472463525	24.46296296
170	790.3333333	0.862742645	26.30555556
171	1262	1.165408039	27.33333333
172	1413.666667	1.38336475	28.28703704
173	1612.833333	1.632838359	28.90740741
174	1798.166667	1.902109371	29.74074074
175	1745.833333	2.105061309	30.48148148
176	1454.833333	2.247487394	30.59259259
177	1029.833333	2.221494297	30.62037037
178	633.6666667	2.178290954	30.38888889
179	300	2.018482035	29.73148148
180	56	1.518719495	28.13888889
181	0	0.833417006	25.75925926
182	0	0.6470646	25.43518519
183	0	0.375632854	24.81481481
184	0	0.233208792	24.32407407
185	0	0.159987572	24.01851852
186	0	0.107824274	23.68518519
187	0	0.069510545	23.31481481
188	0	0.038987514	23.19444444
189	0	0.022418685	23.25
190	0	0.027645537	22.94444444
191	0	0.015899847	22.92592593
192	50.5	0.21624253	22.48148148
193	332.3333333	0.472463525	24.46296296
194	790.3333333	0.862742645	26.30555556
195	1262	1.165408039	27.33333333
196	1413.666667	1.38336475	28.28703704
197	1612.833333	1.632838359	28.90740741
198	1798.166667	1.902109371	29.74074074
199	1745.833333	2.105061309	30.48148148
200	1454.833333	2.247487394	30.59259259
201	1029.833333	2.221494297	30.62037037
202	633.6666667	2.178290954	30.38888889
203	300	2.018482035	29.73148148
204	56	1.518719495	28.13888889
205	0	0.833417006	25.75925926
206	0	0.6470646	25.43518519
207	0	0.375632854	24.81481481
208	0	0.233208792	24.32407407
209	0	0.159987572	24.01851852
210	0	0.107824274	23.68518519
211	0	0.069510545	23.31481481
212	0	0.038987514	23.19444444
213	0	0.022418685	23.25
214	0	0.027645537	22.94444444
215	0	0.015899847	22.92592593
216	50.5	0.21624253	22.48148148
217	332.3333333	0.472463525	24.46296296
218	790.3333333	0.862742645	26.30555556
219	1262	1.165408039	27.33333333
220	1413.666667	1.38336475	28.28703704
221	1612.833333	1.632838359	28.90740741
222	1798.166667	1.902109371	29.74074074
223	1745.833333	2.105061309	30.48148148
224	1454.833333	2.247487394	30.59259259
225	1029.833333	2.221494297	30.62037037
226	633.6666667	2.178290954	30.38888889
227	300	2.018482035	29.73148148
228	56	1.518719495	28.13888889
229	0	0.833417006	25.75925926
230	0	0.6470646	25.43518519
231	0	0.375632854	24.81481481
232	0	0.233208792	24.32407407
233	0	0.159987572	24.01851852
234	0	0.107824274	23.68518519
235	0	0.069510545	23.31481481
236	0	0.038987514	23.19444444
237	0	0.022418685	23.25
238	0	0.027645537	22.94444444
239	0	0.015899847	22.92592593
240	50.5	0.21624253	22.48148148
241	332.3333333	0.472463525	24.46296296
242	790.3333333	0.862742645	26.30555556
243	1262	1.165408039	27.33333333
244	1413.666667	1.38336475	28.28703704
245	1612.833333	1.632838359	28.90740741
246	1798.166667	1.902109371	29.74074074
247	1745.833333	2.105061309	30.48148148
248	1454.833333	2.247487394	30.59259259
249	1029.833333	2.221494297	30.62037037
250	633.6666667	2.178290954	30.38888889
251	300	2.018482035	29.73148148
252	56	1.518719495	28.13888889
253	0	0.833417006	25.75925926
254	0	0.6470646	25.43518519
255	0	0.375632854	24.81481481
256	0	0.233208792	24.32407407
257	0	0.159987572	24.01851852
258	0	0.107824274	23.68518519
259	0	0.069510545	23.31481481
260	0	0.038987514	23.19444444
261	0	0.022418685	23.25
262	0	0.027645537	22.94444444
263	0	0.015899847	22.92592593
264	50.5	0.21624253	22.48148148
265	332.3333333	0.472463525	24.46296296
266	790.3333333	0.862742645	26.30555556
267	1262	1.165408039	27.33333333
268	1413.666667	1.38336475	28.28703704
269	1612.833333	1.632838359	28.90740741
270	1798.166667	1.902109371	29.74074074
271	1745.833333	2.105061309	30.48148148
272	1454.833333	2.247487394	30.59259259
273	1029.833333	2.221494297	30.62037037
274	633.6666667	2.178290954	30.38888889
275	300	2.018482035	29.73148148
276	56	1.518719495	28.13888889
277	0	0.833417006	25.75925926
278	0	0.6470646	25.43518519
279	0	0.375632854	24.81481481
280	0	0.233208792	24.32407407
281	0	0.159987572	24.01851852
282	0	0.107824274	23.68518519
283	0	0.069510545	23.31481481
284	0	0.038987514	23.19444444
285	0	0.022418685	23.25
286	0	0.027645537	22.94444444
287	0	0.015899847	22.92592593
288	50.5	0.21624253	22.48148148
289	332.3333333	0.472463525	24.46296296
290	790.3333333	0.862742645	26.30555556
291	1262	1.165408039	27.33333333
292	1413.666667	1.38336475	28.28703704
293	1612.833333	1.632838359	28.90740741
294	1798.166667	1.902109371	29.74074074
295	1745.833333	2.105061309	30.48148148
296	1454.833333	2.247487394	30.59259259
297	1029.833333	2.221494297	30.62037037
298	633.6666667	2.178290954	30.38888889
299	300	2.018482035	29.73148148
300	56	1.518719495	28.13888889
301	0	0.833417006	25.75925926
302	0	0.6470646	25.43518519
303	0	0.375632854	24.81481481
304	0	0.233208792	24.32407407
305	0	0.159987572	24.01851852
306	0	0.107824274	23.68518519
307	0	0.069510545	23.31481481
308	0	0.038987514	23.19444444
309	0	0.022418685	23.25
310	0	0.027645537	22.94444444
311	0	0.015899847	22.92592593
312	50.5	0.21624253	22.48148148
313	332.3333333	0.472463525	24.46296296
314	790.3333333	0.862742645	26.30555556
315	1262	1.165408039	27.33333333
316	1413.666667	1.38336475	28.28703704
317	1612.833333	1.632838359	28.90740741
318	1798.166667	1.902109371	29.74074074
319	1745.833333	2.105061309	30.48148148
320	1454.833333	2.247487394	30.59259259
321	1029.833333	2.221494297	30.62037037
322	633.6666667	2.178290954	30.38888889
323	300	2.018482035	29.73148148
324	56	1.518719495	28.13888889
325	0	0.833417006	25.75925926
326	0	0.6470646	25.43518519
327	0	0.375632854	24.81481481
328	0	0.233208792	24.32407407
329	0	0.159987572	24.01851852
330	0	0.107824274	23.68518519
331	0	0.069510545	23.31481481
332	0	0.038987514	23.19444444
333	0	0.022418685	23.25
334	0	0.027645537	22.94444444
335	0	0.015899847	22.92592593
336	50.5	0.21624253	22.48148148
337	332.3333333	0.472463525	24.46296296
338	790.3333333	0.862742645	26.30555556
339	1262	1.165408039	27.33333333
340	1413.666667	1.38336475	28.28703704
341	1612.833333	1.632838359	28.90740741
342	1798.166667	1.902109371	29.74074074
343	1745.833333	2.105061309	30.48148148
344	1454.833333	2.247487394	30.59259259
345	1029.833333	2.221494297	30.62037037
346	633.6666667	2.178290954	30.38888889
347	300	2.018482035	29.73148148
348	56	1.518719495	28.13888889
349	0	0.833417006	25.75925926
350	0	0.6470646	25.43518519
351	0	0.375632854	24.81481481
352	0	0.233208792	24.32407407
353	0	0.159987572	24.01851852
354	0	0.107824274	23.68518519
355	0	0.069510545	23.31481481
356	0	0.038987514	23.19444444
357	0	0.022418685	23.25
358	0	0.027645537	22.94444444
359	0	0.015899847	22.92592593
360	50.5	0.21624253	22.48148148
361	332.3333333	0.472463525	24.46296296
362	790.3333333	0.862742645	26.30555556
363	1262	1.165408039	27.33333333
364	1413.666667	1.38336475	28.28703704
365	1612.833333	1.632838359	28.90740741
366	1798.166667	1.902109371	29.74074074
367	1745.833333	2.105061309	30.48148148
368	1454.833333	2.247487394	30.59259259
369	1029.833333	2.221494297	30.62037037
370	633.6666667	2.178290954	30.38888889
371	300	2.018482035	29.73148148
372	56	1.518719495	28.13888889
373	0	0.833417006	25.75925926
374	0	0.6470646	25.43518519
375	0	0.375632854	24.81481481
376	0	0.233208792	24.32407407
377	0	0.159987572	24.01851852
378	0	0.107824274	23.68518519
379	0	0.069510545	23.31481481
380	0	0.038987514	23.19444444
381	0	0.022418685	23.25
382	0	0.027645537	22.94444444
383	0	0.015899847	22.92592593
384	50.5	0.21624253	22.48148148
385	332.3333333	0.472463525	24.46296296
386	790.3333333	0.862742645	26.30555556
387	1262	1.165408039	27.33333333
388	1413.666667	1.38336475	28.28703704
389	1612.833333	1.632838359	28.90740741
390	1798.166667	1.902109371	29.74074074
391	1745.833333	2.105061309	30.48148148
392	1454.833333	2.247487394	30.59259259
393	1029.833333	2.221494297	30.62037037
394	633.6666667	2.178290954	30.38888889
395	300	2.018482035	29.73148148
396	56	1.518719495	28.13888889
397	0	0.833417006	25.75925926
398	0	0.6470646	25.43518519
399	0	0.375632854	24.81481481
400	0	0.233208792	24.32407407
401	0	0.159987572	24.01851852
402	0	0.107824274	23.68518519
403	0	0.069510545	23.31481481
404	0	0.038987514	23.19444444
405	0	0.022418685	23.25
406	0	0.027645537	22.94444444
407	0	0.015899847	22.92592593
408	50.5	0.21624253	22.48148148
409	332.3333333	0.472463525	24.46296296
410	790.3333333	0.862742645	26.30555556
411	1262	1.165408039	27.33333333
412	1413.666667	1.38336475	28.28703704
413	1612.833333	1.632838359	28.90740741
414	1798.166667	1.902109371	29.74074074
415	1745.833333	2.105061309	30.48148148
416	1454.833333	2.247487394	30.59259259
417	1029.833333	2.221494297	30.62037037
418	633.6666667	2.178290954	30.38888889
419	300	2.018482035	29.73148148
420	56	1.518719495	28.13888889
421	0	0.833417006	25.75925926
422	0	0.6470646	25.43518519
423	0	0.375632854	24.81481481
424	0	0.233208792	24.32407407
425	0	0.159987572	24.01851852
426	0	0.107824274	23.68518519
427	0	0.069510545	23.31481481
428	0	0.038987514	23.19444444
429	0	0.022418685	23.25
430	0	0.027645537	22.94444444
431	0	0.015899847	22.92592593
432	50.5	0.21624253	22.48148148
433	332.3333333	0.472463525	24.46296296
434	790.3333333	0.862742645	26.30555556
435	1262	1.165408039	27.33333333
436	1413.666667	1.38336475	28.28703704
437	1612.833333	1.632838359	28.90740741
438	1798.166667	1.902109371	29.74074074
439	1745.833333	2.105061309	30.48148148
440	1454.833333	2.247487394	30.59259259
441	1029.833333	2.221494297	30.62037037
442	633.6666667	2.178290954	30.38888889
443	300	2.018482035	29.73148148
444	56	1.518719495	28.13888889
445	0	0.833417006	25.75925926
446	0	0.6470646	25.43518519
447	0	0.375632854	24.81481481
448	0	0.233208792	24.32407407
449	0	0.159987572	24.01851852
450	0	0.107824274	23.68518519
451	0	0.069510545	23.31481481
452	0	0.038987514	23.19444444
453	0	0.022418685	23.25
454	0	0.027645537	22.94444444
455	0	0.015899847	22.92592593
456	50.5	0.21624253	22.48148148
457	332.3333333	0.472463525	24.46296296
458	790.3333333	0.862742645	26.30555556
459	1262	1.165408039	27.33333333
460	1413.666667	1.38336475	28.28703704
461	1612.833333	1.632838359	28.90740741
462	1798.166667	1.902109371	29.74074074
463	1745.833333	2.105061309	30.48148148
464	1454.833333	2.247487394	30.59259259
465	1029.833333	2.221494297	30.62037037
466	633.6666667	2.178290954	30.38888889
467	300	2.018482035	29.73148148
468	56	1.518719495	28.13888889
469	0	0.833417006	25.75925926
470	0	0.6470646	25.43518519
471	0	0.375632854	24.81481481
472	0	0.233208792	24.32407407
473	0	0.159987572	24.01851852
474	0	0.107824274	23.68518519
475	0	0.069510545	23.31481481
476	0	0.038987514	23.19444444
477	0	0.022418685	23.25
478	0	0.027645537	22.94444444
479	0	0.015899847	22.92592593
480	50.5	0.21624253	22.48148148
481	332.3333333	0.472463525	24.46296296
482	790.3333333	0.862742645	26.30555556
483	1262	1.165408039	27.33333333
484	1413.666667	1.38336475	28.28703704
485	1612.833333	1.632838359	28.90740741
486	1798.166667	1.902109371	29.74074074
487	1745.833333	2.105061309	30.48148148
488	1454.833333	2.247487394	30.59259259
489	1029.833333	2.221494297	30.62037037
490	633.6666667	2.178290954	30.38888889
491	300	2.018482035	29.73148148
492	56	1.518719495	28.13888889
493	0	0.833417006	25.75925926
494	0	0.6470646	25.43518519
495	0	0.375632854	24.81481481
496	0	0.233208792	24.32407407
497	0	0.159987572	24.01851852
498	0	0.107824274	23.68518519
499	0	0.069510545	23.31481481
500	0	0.038987514	23.19444444
501	0	0.022418685	23.25
502	0	0.027645537	22.94444444
503	0	0.015899847	22.92592593
504	50.5	0.21624253	22.48148148
505	332.3333333	0.472463525	24.46296296
506	790.3333333	0.862742645	26.30555556
507	1262	1.165408039	27.33333333
508	1413.666667	1.38336475	28.28703704
509	1612.833333	1.632838359	28.90740741
510	1798.166667	1.902109371	29.74074074
511	1745.833333	2.105061309	30.48148148
512	1454.833333	2.247487394	30.59259259
513	1029.833333	2.221494297	30.62037037
514	633.6666667	2.178290954	30.38888889
515	300	2.018482035	29.73148148
516	56	1.518719495	28.13888889
517	0	0.833417006	25.75925926
518	0	0.6470646	25.43518519
519	0	0.375632854	24.81481481
520	0	0.233208792	24.32407407
521	0	0.159987572	24.01851852
522	0	0.107824274	23.68518519
523	0	0.069510545	23.31481481
524	0	0.038987514	23.19444444
525	0	0.022418685	23.25
526	0	0.027645537	22.94444444
527	0	0.015899847	22.92592593
528	50.5	0.21624253	22.48148148
529	332.3333333	0.472463525	24.46296296
530	790.3333333	0.862742645	26.30555556
531	1262	1.165408039	27.33333333
532	1413.666667	1.38336475	28.28703704
533	1612.833333	1.632838359	28.90740741
534	1798.166667	1.902109371	29.74074074
535	1745.833333	2.105061309	30.48148148
536	1454.833333	2.247487394	30.59259259
537	1029.833333	2.221494297	30.62037037
538	633.6666667	2.178290954	30.38888889
539	300	2.018482035	29.73148148
540	56	1.518719495	28.13888889
541	0	0.833417006	25.75925926
542	0	0.6470646	25.43518519
543	0	0.375632854	24.81481481
544	0	0.233208792	24.32407407
545	0	0.159987572	24.01851852
546	0	0.107824274	23.68518519
547	0	0.069510545	23.31481481
548	0	0.038987514	23.19444444
549	0	0.022418685	23.25
550	0	0.027645537	22.94444444
551	0	0.015899847	22.92592593
552	50.5	0.21624253	22.48148148
553	332.3333333	0.472463525	24.46296296
554	790.3333333	0.862742645	26.30555556
555	1262	1.165408039	27.33333333
556	1413.666667	1.38336475	28.28703704
557	1612.833333	1.632838359	28.90740741
558	1798.166667	1.902109371	29.74074074
559	1745.833333	2.105061309	30.48148148
560	1454.833333	2.247487394	30.59259259
561	1029.833333	2.221494297	30.62037037
562	633.6666667	2.178290954	30.38888889
563	300	2.018482035	29.73148148
564	56	1.518719495	28.13888889
565	0	0.833417006	25.75925926
566	0	0.6470646	25.43518519
567	0	0.375632854	24.81481481
568	0	0.233208792	24.32407407
569	0	0.159987572	24.01851852
570	0	0.107824274	23.68518519
571	0	0.069510545	23.31481481
572	0	0.038987514	23.19444444
573	0	0.022418685	23.25
574	0	0.027645537	22.94444444
575	0	0.015899847	22.92592593
576	50.5	0.21624253	22.48148148
577	332.3333333	0.472463525	24.46296296
578	790.3333333	0.862742645	26.30555556
579	1262	1.165408039	27.33333333
580	1413.666667	1.38336475	28.28703704
581	1612.833333	1.632838359	28.90740741
582	1798.166667	1.902109371	29.74074074
583	1745.833333	2.105061309	30.48148148
584	1454.833333	2.247487394	30.59259259
585	1029.833333	2.221494297	30.62037037
586	633.6666667	2.178290954	30.38888889
587	300	2.018482035	29.73148148
588	56	1.518719495	28.13888889
589	0	0.833417006	25.75925926
590	0	0.6470646	25.43518519
591	0	0.375632854	24.81481481
592	0	0.233208792	24.32407407
593	0	0.159987572	24.01851852
594	0	0.107824274	23.68518519
595	0	0.069510545	23.31481481
596	0	0.038987514	23.19444444
597	0	0.022418685	23.25
598	0	0.027645537	22.94444444
599	0	0.015899847	22.92592593
600	50.5	0.21624253	22.48148148
601	332.3333333	0.472463525	24.46296296
602	790.3333333	0.862742645	26.30555556
603	1262	1.165408039	27.33333333
604	1413.666667	1.38336475	28.28703704
605	1612.833333	1.632838359	28.90740741
606	1798.166667	1.902109371	29.74074074
607	1745.833333	2.105061309	30.48148148
608	1454.833333	2.247487394	30.59259259
609	1029.833333	2.221494297	30.62037037
610	633.6666667	2.178290954	30.38888889
611	300	2.018482035	29.73148148
612	56	1.518719495	28.13888889
613	0	0.833417006	25.75925926
614	0	0.6470646	25.43518519
615	0	0.375632854	24.81481481
616	0	0.233208792	24.32407407
617	0	0.159987572	24.01851852
618	0	0.107824274	23.68518519
619	0	0.069510545	23.31481481
620	0	0.038987514	23.19444444
621	0	0.022418685	23.25
622	0	0.027645537	22.94444444
623	0	0.015899847	22.92592593
624	50.5	0.21624253	22.48148148
625	332.3333333	0.472463525	24.46296296
626	790.3333333	0.862742645	26.30555556
627	1262	1.165408039	27.33333333
628	1413.666667	1.38336475	28.28703704
629	1612.833333	1.632838359	28.90740741
630	1798.166667	1.902109371	29.74074074
631	1745.833333	2.105061309	30.48148148
632	1454.833333	2.247487394	30.59259259
633	1029.833333	2.221494297	30.62037037
634	633.6666667	2.178290954	30.38888889
635	300	2.018482035	29.73148148
636	56	1.518719495	28.13888889
637	0	0.833417006	25.75925926
638	0	0.6470646	25.43518519
639	0	0.375632854	24.81481481
640	0	0.233208792	24.32407407
641	0	0.159987572	24.01851852
642	0	0.107824274	23.68518519
643	0	0.069510545	23.31481481
644	0	0.038987514	23.19444444
645	0	0.022418685	23.25
646	0	0.027645537	22.94444444
647	0	0.015899847	22.92592593
648	50.5	0.21624253	22.48148148
649	332.3333333	0.472463525	24.46296296
650	790.3333333	0.862742645	26.30555556
651	1262	1.165408039	27.33333333
652	1413.666667	1.38336475	28.28703704
653	1612.833333	1.632838359	28.90740741
654	1798.166667	1.902109371	29.74074074
655	1745.833333	2.105061309	30.48148148
656	1454.833333	2.247487394	30.59259259
657	1029.833333	2.221494297	30.62037037
658	633.6666667	2.178290954	30.38888889
659	300	2.018482035	29.73148148
660	56	1.518719495	28.13888889
661	0	0.833417006	25.75925926
662	0	0.6470646	25.43518519
663	0	0.375632854	24.81481481
664	0	0.233208792	24.32407407
665	0	0.159987572	24.01851852
666	0	0.107824274	23.68518519
667	0	0.069510545	23.31481481
668	0	0.038987514	23.19444444
669	0	0.022418685	23.25
670	0	0.027645537	22.94444444
671	0	0.015899847	22.92592593
672	50.5	0.21624253	22.48148148
673	332.3333333	0.472463525	24.46296296
674	790.3333333	0.862742645	26.30555556
675	1262	1.165408039	27.33333333
676	1413.666667	1.38336475	28.28703704
677	1612.833333	1.632838359	28.90740741
678	1798.166667	1.902109371	29.74074074
679	1745.833333	2.105061309	30.48148148
680	1454.833333	2.247487394	30.59259259
681	1029.833333	2.221494297	30.62037037
682	633.6666667	2.178290954	30.38888889
683	300	2.018482035	29.73148148
684	56	1.518719495	28.13888889
685	0	0.833417006	25.75925926
686	0	0.6470646	25.43518519
687	0	0.375632854	24.81481481
688	0	0.233208792	24.32407407
689	0	0.159987572	24.01851852
690	0	0.107824274	23.68518519
691	0	0.069510545	23.31481481
692	0	0.038987514	23.19444444
693	0	0.022418685	23.25
694	0	0.027645537	22.94444444
695	0	0.015899847	22.92592593
696	50.5	0.21624253	22.48148148
697	332.3333333	0.472463525	24.46296296
698	790.3333333	0.862742645	26.30555556
699	1262	1.165408039	27.33333333
700	1413.666667	1.38336475	28.28703704
701	1612.833333	1.632838359	28.90740741
702	1798.166667	1.902109371	29.74074074
703	1745.833333	2.105061309	30.48148148
704	1454.833333	2.247487394	30.59259259
705	1029.833333	2.221494297	30.62037037
706	633.6666667	2.178290954	30.38888889
707	300	2.018482035	29.73148148
708	56	1.518719495	28.13888889
709	0	0.833417006	25.75925926
710	0	0.6470646	25.43518519
711	0	0.375632854	24.81481481
712	0	0.233208792	24.32407407
713	0	0.159987572	24.01851852
714	0	0.107824274	23.68518519
715	0	0.069510545	23.31481481
716	0	0.038987514	23.19444444
717	0	0.022418685	23.25
718	0	0.027645537	22.94444444
719	0	0.015899847	22.92592593
720	50.5	0.21624253	22.48148148
721	332.3333333	0.472463525	24.46296296
722	790.3333333	0.862742645	26.30555556
723	1262	1.165408039	27.33333333
724	1413.666667	1.38336475	28.28703704
725	1612.833333	1.632838359	28.90740741
726	1798.166667	1.902109371	29.74074074
727	1745.833333	2.105061309	30.48148148
728	1454.833333	2.247487394	30.59259259
729	1029.833333	2.221494297	30.62037037
730	633.6666667	2.178290954	30.38888889
731	300	2.018482035	29.73148148
732	56	1.518719495	28.13888889
733	0	0.833417006	25.75925926
734	0	0.6470646	25.43518519
735	0	0.375632854	24.81481481
736	0	0.233208792	24.32407407
737	0	0.159987572	24.01851852
738	0	0.107824274	23.68518519
739	0	0.069510545	23.31481481
740	0	0.038987514	23.19444444
741	0	0.022418685	23.25
742	0	0.027645537	22.94444444
743	0	0.015899847	22.92592593
744	50.5	0.21624253	22.48148148
745	332.3333333	0.472463525	24.46296296
746	790.3333333	0.862742645	26.30555556
747	1262	1.165408039	27.33333333
748	1413.666667	1.38336475	28.28703704
749	1612.833333	1.632838359	28.90740741
750	1798.166667	1.902109371	29.74074074
751	1745.833333	2.105061309	30.48148148
752	1454.833333	2.247487394	30.59259259
753	1029.833333	2.221494297	30.62037037
754	633.6666667	2.178290954	30.38888889
755	300	2.018482035	29.73148148
756	56	1.518719495	28.13888889
757	0	0.833417006	25.75925926
758	0	0.6470646	25.43518519
759	0	0.375632854	24.81481481
760	0	0.233208792	24.32407407
761	0	0.159987572	24.01851852
762	0	0.107824274	23.68518519
763	0	0.069510545	23.31481481
764	0	0.038987514	23.19444444
765	0	0.022418685	23.25
766	0	0.027645537	22.94444444
767	0	0.015899847	22.92592593
768	50.5	0.21624253	22.48148148
769	332.3333333	0.472463525	24.46296296
770	790.3333333	0.862742645	26.30555556
771	1262	1.165408039	27.33333333
772	1413.666667	1.38336475	28.28703704
773	1612.833333	1.632838359	28.90740741
774	1798.166667	1.902109371	29.74074074
775	1745.833333	2.105061309	30.48148148
776	1454.833333	2.247487394	30.59259259
777	1029.833333	2.221494297	30.62037037
778	633.6666667	2.178290954	30.38888889
779	300	2.018482035	29.73148148
780	56	1.518719495	28.13888889
781	0	0.833417006	25.75925926
782	0	0.6470646	25.43518519
783	0	0.375632854	24.81481481
784	0	0.233208792	24.32407407
785	0	0.159987572	24.01851852
786	0	0.107824274	23.68518519
787	0	0.069510545	23.31481481
788	0	0.038987514	23.19444444
789	0	0.022418685	23.25
790	0	0.027645537	22.94444444
791	0	0.015899847	22.92592593
792	50.5	0.21624253	22.48148148
793	332.3333333	0.472463525	24.46296296
794	790.3333333	0.862742645	26.30555556
795	1262	1.165408039	27.33333333
796	1413.666667	1.38336475	28.28703704
797	1612.833333	1.632838359	28.90740741
798	1798.166667	1.902109371	29.74074074
799	1745.833333	2.105061309	30.48148148
800	1454.833333	2.247487394	30.59259259
801	1029.833333	2.221494297	30.62037037
802	633.6666667	2.178290954	30.38888889
803	300	2.018482035	29.73148148
804	56	1.518719495	28.13888889
805	0	0.833417006	25.75925926
806	0	0.6470646	25.43518519
807	0	0.375632854	24.81481481
808	0	0.233208792	24.32407407
809	0	0.159987572	24.01851852
810	0	0.107824274	23.68518519
811	0	0.069510545	23.31481481
812	0	0.038987514	23.19444444
813	0	0.022418685	23.25
814	0	0.027645537	22.94444444
815	0	0.015899847	22.92592593
816	50.5	0.21624253	22.48148148
817	332.3333333	0.472463525	24.46296296
818	790.3333333	0.862742645	26.30555556
819	1262	1.165408039	27.33333333
820	1413.666667	1.38336475	28.28703704
821	1612.833333	1.632838359	28.90740741
822	1798.166667	1.902109371	29.74074074
823	1745.833333	2.105061309	30.48148148
824	1454.833333	2.247487394	30.59259259
825	1029.833333	2.221494297	30.62037037
826	633.6666667	2.178290954	30.38888889
827	300	2.018482035	29.73148148
828	56	1.518719495	28.13888889
829	0	0.833417006	25.75925926
830	0	0.6470646	25.43518519
831	0	0.375632854	24.81481481
832	0	0.233208792	24.32407407
833	0	0.159987572	24.01851852
834	0	0.107824274	23.68518519
835	0	0.069510545	23.31481481
836	0	0.038987514	23.19444444
837	0	0.022418685	23.25
838	0	0.027645537	22.94444444
839	0	0.015899847	22.92592593
840	50.5	0.21624253	22.48148148
841	332.3333333	0.472463525	24.46296296
842	790.3333333	0.862742645	26.30555556
843	1262	1.165408039	27.33333333
844	1413.666667	1.38336475	28.28703704
845	1612.833333	1.632838359	28.90740741
846	1798.166667	1.902109371	29.74074074
847	1745.833333	2.105061309	30.48148148
848	1454.833333	2.247487394	30.59259259
849	1029.833333	2.221494297	30.62037037
850	633.6666667	2.178290954	30.38888889
851	300	2.018482035	29.73148148
852	56	1.518719495	28.13888889
853	0	0.833417006	25.75925926
854	0	0.6470646	25.43518519
855	0	0.375632854	24.81481481
856	0	0.233208792	24.32407407
857	0	0.159987572	24.01851852
858	0	0.107824274	23.68518519
859	0	0.069510545	23.31481481
860	0	0.038987514	23.19444444
861	0	0.022418685	23.25
862	0	0.027645537	22.94444444
863	0	0.015899847	22.92592593
864	50.5	0.21624253	22.48148148
865	332.3333333	0.472463525	24.46296296
866	790.3333333	0.862742645	26.30555556
867	1262	1.165408039	27.33333333
868	1413.666667	1.38336475	28.28703704
869	1612.833333	1.632838359	28.90740741
870	1798.166667	1.902109371	29.74074074
871	1745.833333	2.105061309	30.48148148
872	1454.833333	2.247487394	30.59259259
873	1029.833333	2.221494297	30.62037037
874	633.6666667	2.178290954	30.38888889
875	300	2.018482035	29.73148148
876	56	1.518719495	28.13888889
877	0	0.833417006	25.75925926
878	0	0.6470646	25.43518519
879	0	0.375632854	24.81481481
880	0	0.233208792	24.32407407
881	0	0.159987572	24.01851852
882	0	0.107824274	23.68518519
883	0	0.069510545	23.31481481
884	0	0.038987514	23.19444444
885	0	0.022418685	23.25
886	0	0.027645537	22.94444444
887	0	0.015899847	22.92592593
888	50.5	0.21624253	22.48148148
889	332.3333333	0.472463525	24.46296296
890	790.3333333	0.862742645	26.30555556
891	1262	1.165408039	27.33333333
892	1413.666667	1.38336475	28.28703704
893	1612.833333	1.632838359	28.90740741
894	1798.166667	1.902109371	29.74074074
895	1745.833333	2.105061309	30.48148148
896	1454.833333	2.247487394	30.59259259
897	1029.833333	2.221494297	30.62037037
898	633.6666667	2.178290954	30.38888889
899	300	2.018482035	29.73148148
900	56	1.518719495	28.13888889
901	0	0.833417006	25.75925926
902	0	0.6470646	25.43518519
903	0	0.375632854	24.81481481
904	0	0.233208792	24.32407407
905	0	0.159987572	24.01851852
906	0	0.107824274	23.68518519
907	0	0.069510545	23.31481481
908	0	0.038987514	23.19444444
909	0	0.022418685	23.25
910	0	0.027645537	22.94444444
911	0	0.015899847	22.92592593
912	50.5	0.21624253	22.48148148
913	332.3333333	0.472463525	24.46296296
914	790.3333333	0.862742645	26.30555556
915	1262	1.165408039	27.33333333
916	1413.666667	1.38336475	28.28703704
917	1612.833333	1.632838359	28.90740741
918	1798.166667	1.902109371	29.74074074
919	1745.833333	2.105061309	30.48148148
920	1454.833333	2.247487394	30.59259259
921	1029.833333	2.221494297	30.62037037
922	633.6666667	2.178290954	30.38888889
923	300	2.018482035	29.73148148
924	56	1.518719495	28.13888889
925	0	0.833417006	25.75925926
926	0	0.6470646	25.43518519
927	0	0.375632854	24.81481481
928	0	0.233208792	24.32407407
929	0	0.159987572	24.01851852
930	0	0.107824274	23.68518519
931	0	0.069510545	23.31481481
932	0	0.038987514	23.19444444
933	0	0.022418685	23.25
934	0	0.027645537	22.94444444
935	0	0.015899847	22.92592593
936	50.5	0.21624253	22.48148148
937	332.3333333	0.472463525	24.46296296
938	790.3333333	0.862742645	26.30555556
939	1262	1.165408039	27.33333333
940	1413.666667	1.38336475	28.28703704
941	1612.833333	1.632838359	28.90740741
942	1798.166667	1.902109371	29.74074074
943	1745.833333	2.105061309	30.48148148
944	1454.833333	2.247487394	30.59259259
945	1029.833333	2.221494297	30.62037037
946	633.6666667	2.178290954	30.38888889
947	300	2.018482035	29.73148148
948	56	1.518719495	28.13888889
949	0	0.833417006	25.75925926
950	0	0.6470646	25.43518519
951	0	0.375632854	24.81481481
952	0	0.233208792	24.32407407
953	0	0.159987572	24.01851852
954	0	0.107824274	23.68518519
955	0	0.069510545	23.31481481
956	0	0.038987514	23.19444444
957	0	0.022418685	23.25
958	0	0.027645537	22.94444444
959	0	0.015899847	22.92592593
960	50.5	0.21624253	22.48148148
961	332.3333333	0.472463525	24.46296296
962	790.3333333	0.862742645	26.30555556
963	1262	1.165408039	27.33333333
964	1413.666667	1.38336475	28.28703704
965	1612.833333	1.632838359	28.90740741
966	1798.166667	1.902109371	29.74074074
967	1745.833333	2.105061309	30.48148148
968	1454.833333	2.247487394	30.59259259
969	1029.833333	2.221494297	30.62037037
970	633.6666667	2.178290954	30.38888889
971	300	2.018482035	29.73148148
972	56	1.518719495	28.13888889
973	0	0.833417006	25.75925926
974	0	0.6470646	25.43518519
975	0	0.375632854	24.81481481
976	0	0.233208792	24.32407407
977	0	0.159987572	24.01851852
978	0	0.107824274	23.68518519
979	0	0.069510545	23.31481481
980	0	0.038987514	23.19444444
981	0	0.022418685	23.25
982	0	0.027645537	22.94444444
983	0	0.015899847	22.92592593
984	50.5	0.21624253	22.48148148
985	332.3333333	0.472463525	24.46296296
986	790.3333333	0.862742645	26.30555556
987	1262	1.165408039	27.33333333
988	1413.666667	1.38336475	28.28703704
989	1612.833333	1.632838359	28.90740741
990	1798.166667	1.902109371	29.74074074
991	1745.833333	2.105061309	30.48148148
992	1454.833333	2.247487394	30.59259259
993	1029.833333	2.221494297	30.62037037
994	633.6666667	2.178290954	30.38888889
995	300	2.018482035	29.73148148
996	56	1.518719495	28.13888889
997	0	0.833417006	25.75925926
998	0	0.6470646	25.43518519
999	0	0.375632854	24.81481481
1000	0	0.233208792	24.32407407
1001	0	0.159987572	24.01851852
1002	0	0.107824274	23.68518519
1003	0	0.069510545	23.31481481
1004	0	0.038987514	23.19444444
1005	0	0.022418685	23.25
1006	0	0.027645537	22.94444444
1007	0	0.015899847	22.92592593
1008	50.5	0.21624253	22.48148148
1009	332.3333333	0.472463525	24.46296296
1010	790.3333333	0.862742645	26.30555556
1011	1262	1.165408039	27.33333333
1012	1413.666667	1.38336475	28.28703704
1013	1612.833333	1.632838359	28.90740741
1014	1798.166667	1.902109371	29.74074074
1015	1745.833333	2.105061309	30.48148148
1016	1454.833333	2.247487394	30.59259259
1017	1029.833333	2.221494297	30.62037037
1018	633.6666667	2.178290954	30.38888889
1019	300	2.018482035	29.73148148
1020	56	1.518719495	28.13888889
1021	0	0.833417006	25.75925926
1022	0	0.6470646	25.43518519
1023	0	0.375632854	24.81481481
1024	0	0.233208792	24.32407407
1025	0	0.159987572	24.01851852
1026	0	0.107824274	23.68518519
1027	0	0.069510545	23.31481481
1028	0	0.038987514	23.19444444
1029	0	0.022418685	23.25
1030	0	0.027645537	22.94444444
1031	0	0.015899847	22.92592593
1032	50.5	0.21624253	22.48148148
1033	332.3333333	0.472463525	24.46296296
1034	790.3333333	0.862742645	26.30555556
1035	1262	1.165408039	27.33333333
1036	1413.666667	1.38336475	28.28703704
1037	1612.833333	1.632838359	28.90740741
1038	1798.166667	1.902109371	29.74074074
1039	1745.833333	2.105061309	30.48148148
1040	1454.833333	2.247487394	30.59259259
1041	1029.833333	2.221494297	30.62037037
1042	633.6666667	2.178290954	30.38888889
1043	300	2.018482035	29.73148148
1044	56	1.518719495	28.13888889
1045	0	0.833417006	25.75925926
1046	0	0.6470646	25.43518519
1047	0	0.375632854	24.81481481
1048	0	0.233208792	24.32407407
1049	0	0.159987572	24.01851852
1050	0	0.107824274	23.68518519
1051	0	0.069510545	23.31481481
1052	0	0.038987514	23.19444444
1053	0	0.022418685	23.25
1054	0	0.027645537	22.94444444
1055	0	0.015899847	22.92592593
1056	50.5	0.21624253	22.48148148
1057	332.3333333	0.472463525	24.46296296
1058	790.3333333	0.862742645	26.30555556
1059	1262	1.165408039	27.33333333
1060	1413.666667	1.38336475	28.28703704
1061	1612.833333	1.632838359	28.90740741
1062	1798.166667	1.902109371	29.74074074
1063	1745.833333	2.105061309	30.48148148
1064	1454.833333	2.247487394	30.59259259
1065	1029.833333	2.221494297	30.62037037
1066	633.6666667	2.178290954	30.38888889
1067	300	2.018482035	29.73148148
1068	56	1.518719495	28.13888889
1069	0	0.833417006	25.75925926
1070	0	0.6470646	25.43518519
1071	0	0.375632854	24.81481481
1072	0	0.233208792	24.32407407
1073	0	0.159987572	24.01851852
1074	0	0.107824274	23.68518519
1075	0	0.069510545	23.31481481
1076	0	0.038987514	23.19444444
1077	0	0.022418685	23.25
1078	0	0.027645537	22.94444444
1079	0	0.015899847	22.92592593
1080	50.5	0.21624253	22.48148148
1081	332.3333333	0.472463525	24.46296296
1082	790.3333333	0.862742645	26.30555556
1083	1262	1.165408039	27.33333333
1084	1413.666667	1.38336475	28.28703704
1085	1612.833333	1.632838359	28.90740741
1086	1798.166667	1.902109371	29.74074074
1087	1745.833333	2.105061309	30.48148148
1088	1454.833333	2.247487394	30.59259259
1089	1029.833333	2.221494297	30.62037037
1090	633.6666667	2.178290954	30.38888889
1091	300	2.018482035	29.73148148
1092	56	1.518719495	28.13888889
1093	0	0.833417006	25.75925926
1094	0	0.6470646	25.43518519
1095	0	0.375632854	24.81481481
1096	0	0.233208792	24.32407407
1097	0	0.159987572	24.01851852
1098	0	0.107824274	23.68518519
1099	0	0.069510545	23.31481481
1100	0	0.038987514	23.19444444
1101	0	0.022418685	23.25
1102	0	0.027645537	22.94444444
1103	0	0.015899847	22.92592593
1104	50.5	0.21624253	22.48148148
1105	332.3333333	0.472463525	24.46296296
1106	790.3333333	0.862742645	26.30555556
1107	1262	1.165408039	27.33333333
1108	1413.666667	1.38336475	28.28703704
1109	1612.833333	1.632838359	28.90740741
1110	1798.166667	1.902109371	29.74074074
1111	1745.833333	2.105061309	30.48148148
1112	1454.833333	2.247487394	30.59259259
1113	1029.833333	2.221494297	30.62037037
1114	633.6666667	2.178290954	30.38888889
1115	300	2.018482035	29.73148148
1116	56	1.518719495	28.13888889
1117	0	0.833417006	25.75925926
1118	0	0.6470646	25.43518519
1119	0	0.375632854	24.81481481
1120	0	0.233208792	24.32407407
1121	0	0.159987572	24.01851852
1122	0	0.107824274	23.68518519
1123	0	0.069510545	23.31481481
1124	0	0.038987514	23.19444444
1125	0	0.022418685	23.25
1126	0	0.027645537	22.94444444
1127	0	0.015899847	22.92592593
1128	50.5	0.21624253	22.48148148
1129	332.3333333	0.472463525	24.46296296
1130	790.3333333	0.862742645	26.30555556
1131	1262	1.165408039	27.33333333
1132	1413.666667	1.38336475	28.28703704
1133	1612.833333	1.632838359	28.90740741
1134	1798.166667	1.902109371	29.74074074
1135	1745.833333	2.105061309	30.48148148
1136	1454.833333	2.247487394	30.59259259
1137	1029.833333	2.221494297	30.62037037
1138	633.6666667	2.178290954	30.38888889
1139	300	2.018482035	29.73148148
1140	56	1.518719495	28.13888889
1141	0	0.833417006	25.75925926
1142	0	0.6470646	25.43518519
1143	0	0.375632854	24.81481481
1144	0	0.233208792	24.32407407
1145	0	0.159987572	24.01851852
1146	0	0.107824274	23.68518519
1147	0	0.069510545	23.31481481
1148	0	0.038987514	23.19444444
1149	0	0.022418685	23.25
1150	0	0.027645537	22.94444444
1151	0	0.015899847	22.92592593
1152	50.5	0.21624253	22.48148148
1153	332.3333333	0.472463525	24.46296296
1154	790.3333333	0.862742645	26.30555556
1155	1262	1.165408039	27.33333333
1156	1413.666667	1.38336475	28.28703704
1157	1612.833333	1.632838359	28.90740741
1158	1798.166667	1.902109371	29.74074074
1159	1745.833333	2.105061309	30.48148148
1160	1454.833333	2.247487394	30.59259259
1161	1029.833333	2.221494297	30.62037037
1162	633.6666667	2.178290954	30.38888889
1163	300	2.018482035	29.73148148
1164	56	1.518719495	28.13888889
1165	0	0.833417006	25.75925926
1166	0	0.6470646	25.43518519
1167	0	0.375632854	24.81481481
1168	0	0.233208792	24.32407407
1169	0	0.159987572	24.01851852
1170	0	0.107824274	23.68518519
1171	0	0.069510545	23.31481481
1172	0	0.038987514	23.19444444
1173	0	0.022418685	23.25
1174	0	0.027645537	22.94444444
1175	0	0.015899847	22.92592593
1176	50.5	0.21624253	22.48148148
1177	332.3333333	0.472463525	24.46296296
1178	790.3333333	0.862742645	26.30555556
1179	1262	1.165408039	27.33333333
1180	1413.666667	1.38336475	28.28703704
1181	1612.833333	1.632838359	28.90740741
1182	1798.166667	1.902109371	29.74074074
1183	1745.833333	2.105061309	30.48148148
1184	1454.833333	2.247487394	30.59259259
1185	1029.833333	2.221494297	30.62037037
1186	633.6666667	2.178290954	30.38888889
1187	300	2.018482035	29.73148148
1188	56	1.518719495	28.13888889
1189	0	0.833417006	25.75925926
1190	0	0.6470646	25.43518519
1191	0	0.375632854	24.81481481
1192	0	0.233208792	24.32407407
1193	0	0.159987572	24.01851852
1194	0	0.107824274	23.68518519
1195	0	0.069510545	23.31481481
1196	0	0.038987514	23.19444444
1197	0	0.022418685	23.25
1198	0	0.027645537	22.94444444
1199	0	0.015899847	22.92592593
1200	50.5	0.21624253	22.48148148
1201	332.3333333	0.472463525	24.46296296
1202	790.3333333	0.862742645	26.30555556
1203	1262	1.165408039	27.33333333
1204	1413.666667	1.38336475	28.28703704
1205	1612.833333	1.632838359	28.90740741
1206	1798.166667	1.902109371	29.74074074
1207	1745.833333	2.105061309	30.48148148
1208	1454.833333	2.247487394	30.59259259
1209	1029.833333	2.221494297	30.62037037
1210	633.6666667	2.178290954	30.38888889
1211	300	2.018482035	29.73148148
1212	56	1.518719495	28.13888889
1213	0	0.833417006	25.75925926
1214	0	0.6470646	25.43518519
1215	0	0.375632854	24.81481481
1216	0	0.233208792	24.32407407
1217	0	0.159987572	24.01851852
1218	0	0.107824274	23.68518519
1219	0	0.069510545	23.31481481
1220	0	0.038987514	23.19444444
1221	0	0.022418685	23.25
1222	0	0.027645537	22.94444444
1223	0	0.015899847	22.92592593
1224	50.5	0.21624253	22.48148148
1225	332.3333333	0.472463525	24.46296296
1226	790.3333333	0.862742645	26.30555556
1227	1262	1.165408039	27.33333333
1228	1413.666667	1.38336475	28.28703704
1229	1612.833333	1.632838359	28.90740741
1230	1798.166667	1.902109371	29.74074074
1231	1745.833333	2.105061309	30.48148148
1232	1454.833333	2.247487394	30.59259259
1233	1029.833333	2.221494297	30.62037037
1234	633.6666667	2.178290954	30.38888889
1235	300	2.018482035	29.73148148
1236	56	1.518719495	28.13888889
1237	0	0.833417006	25.75925926
1238	0	0.6470646	25.43518519
1239	0	0.375632854	24.81481481
1240	0	0.233208792	24.32407407
1241	0	0.159987572	24.01851852
1242	0	0.107824274	23.68518519
1243	0	0.069510545	23.31481481
1244	0	0.038987514	23.19444444
1245	0	0.022418685	23.25
1246	0	0.027645537	22.94444444
1247	0	0.015899847	22.92592593
1248	50.5	0.21624253	22.48148148
1249	332.3333333	0.472463525	24.46296296
1250	790.3333333	0.862742645	26.30555556
1251	1262	1.165408039	27.33333333
1252	1413.666667	1.38336475	28.28703704
1253	1612.833333	1.632838359	28.90740741
1254	1798.166667	1.902109371	29.74074074
1255	1745.833333	2.105061309	30.48148148
1256	1454.833333	2.247487394	30.59259259
1257	1029.833333	2.221494297	30.62037037
1258	633.6666667	2.178290954	30.38888889
1259	300	2.018482035	29.73148148
1260	56	1.518719495	28.13888889
1261	0	0.833417006	25.75925926
1262	0	0.6470646	25.43518519
1263	0	0.375632854	24.81481481
1264	0	0.233208792	24.32407407
1265	0	0.159987572	24.01851852
1266	0	0.107824274	23.68518519
1267	0	0.069510545	23.31481481
1268	0	0.038987514	23.19444444
1269	0	0.022418685	23.25
1270	0	0.027645537	22.94444444
1271	0	0.015899847	22.92592593
1272	50.5	0.21624253	22.48148148
1273	332.3333333	0.472463525	24.46296296
1274	790.3333333	0.862742645	26.30555556
1275	1262	1.165408039	27.33333333
1276	1413.666667	1.38336475	28.28703704
1277	1612.833333	1.632838359	28.90740741
1278	1798.166667	1.902109371	29.74074074
1279	1745.833333	2.105061309	30.48148148
1280	1454.833333	2.247487394	30.59259259
1281	1029.833333	2.221494297	30.62037037
1282	633.6666667	2.178290954	30.38888889
1283	300	2.018482035	29.73148148
1284	56	1.518719495	28.13888889
1285	0	0.833417006	25.75925926
1286	0	0.6470646	25.43518519
1287	0	0.375632854	24.81481481
1288	0	0.233208792	24.32407407
1289	0	0.159987572	24.01851852
1290	0	0.107824274	23.68518519
1291	0	0.069510545	23.31481481
1292	0	0.038987514	23.19444444
1293	0	0.022418685	23.25
1294	0	0.027645537	22.94444444
1295	0	0.015899847	22.92592593
1296	50.5	0.21624253	22.48148148
1297	332.3333333	0.472463525	24.46296296
1298	790.3333333	0.862742645	26.30555556
1299	1262	1.165408039	27.33333333
1300	1413.666667	1.38336475	28.28703704
1301	1612.833333	1.632838359	28.90740741
1302	1798.166667	1.902109371	29.74074074
1303	1745.833333	2.105061309	30.48148148
1304	1454.833333	2.247487394	30.59259259
1305	1029.833333	2.221494297	30.62037037
1306	633.6666667	2.178290954	30.38888889
1307	300	2.018482035	29.73148148
1308	56	1.518719495	28.13888889
1309	0	0.833417006	25.75925926
1310	0	0.6470646	25.43518519
1311	0	0.375632854	24.81481481
1312	0	0.233208792	24.32407407
1313	0	0.159987572	24.01851852
1314	0	0.107824274	23.68518519
1315	0	0.069510545	23.31481481
1316	0	0.038987514	23.19444444
1317	0	0.022418685	23.25
1318	0	0.027645537	22.94444444
1319	0	0.015899847	22.92592593
1320	50.5	0.21624253	22.48148148
1321	332.3333333	0.472463525	24.46296296
1322	790.3333333	0.862742645	26.30555556
1323	1262	1.165408039	27.33333333
1324	1413.666667	1.38336475	28.28703704
1325	1612.833333	1.632838359	28.90740741
1326	1798.166667	1.902109371	29.74074074
1327	1745.833333	2.105061309	30.48148148
1328	1454.833333	2.247487394	30.59259259
1329	1029.833333	2.221494297	30.62037037
1330	633.6666667	2.178290954	30.38888889
1331	300	2.018482035	29.73148148
1332	56	1.518719495	28.13888889
1333	0	0.833417006	25.75925926
1334	0	0.6470646	25.43518519
1335	0	0.375632854	24.81481481
1336	0	0.233208792	24.32407407
1337	0	0.159987572	24.01851852
1338	0	0.107824274	23.68518519
1339	0	0.069510545	23.31481481
1340	0	0.038987514	23.19444444
1341	0	0.022418685	23.25
1342	0	0.027645537	22.94444444
1343	0	0.015899847	22.92592593
1344	50.5	0.21624253	22.48148148
1345	332.3333333	0.472463525	24.46296296
1346	790.3333333	0.862742645	26.30555556
1347	1262	1.165408039	27.33333333
1348	1413.666667	1.38336475	28.28703704
1349	1612.833333	1.632838359	28.90740741
1350	1798.166667	1.902109371	29.74074074
1351	1745.833333	2.105061309	30.48148148
1352	1454.833333	2.247487394	30.59259259
1353	1029.833333	2.221494297	30.62037037
1354	633.6666667	2.178290954	30.38888889
1355	300	2.018482035	29.73148148
1356	56	1.518719495	28.13888889
1357	0	0.833417006	25.75925926
1358	0	0.6470646	25.43518519
1359	0	0.375632854	24.81481481
1360	0	0.233208792	24.32407407
1361	0	0.159987572	24.01851852
1362	0	0.107824274	23.68518519
1363	0	0.069510545	23.31481481
1364	0	0.038987514	23.19444444
1365	0	0.022418685	23.25
1366	0	0.027645537	22.94444444
1367	0	0.015899847	22.92592593
1368	50.5	0.21624253	22.48148148
1369	332.3333333	0.472463525	24.46296296
1370	790.3333333	0.862742645	26.30555556
1371	1262	1.165408039	27.33333333
1372	1413.666667	1.38336475	28.28703704
1373	1612.833333	1.632838359	28.90740741
1374	1798.166667	1.902109371	29.74074074
1375	1745.833333	2.105061309	30.48148148
1376	1454.833333	2.247487394	30.59259259
1377	1029.833333	2.221494297	30.62037037
1378	633.6666667	2.178290954	30.38888889
1379	300	2.018482035	29.73148148
1380	56	1.518719495	28.13888889
1381	0	0.833417006	25.75925926
1382	0	0.6470646	25.43518519
1383	0	0.375632854	24.81481481
1384	0	0.233208792	24.32407407
1385	0	0.159987572	24.01851852
1386	0	0.107824274	23.68518519
1387	0	0.069510545	23.31481481
1388	0	0.038987514	23.19444444
1389	0	0.022418685	23.25
1390	0	0.027645537	22.94444444
1391	0	0.015899847	22.92592593
1392	50.5	0.21624253	22.48148148
1393	332.3333333	0.472463525	24.46296296
1394	790.3333333	0.862742645	26.30555556
1395	1262	1.165408039	27.33333333
1396	1413.666667	1.38336475	28.28703704
1397	1612.833333	1.632838359	28.90740741
1398	1798.166667	1.902109371	29.74074074
1399	1745.833333	2.105061309	30.48148148
1400	1454.833333	2.247487394	30.59259259
1401	1029.833333	2.221494297	30.62037037
1402	633.6666667	2.178290954	30.38888889
1403	300	2.018482035	29.73148148
1404	56	1.518719495	28.13888889
1405	0	0.833417006	25.75925926
1406	0	0.6470646	25.43518519
1407	0	0.375632854	24.81481481
1408	0	0.233208792	24.32407407
1409	0	0.159987572	24.01851852
1410	0	0.107824274	23.68518519
1411	0	0.069510545	23.31481481
1412	0	0.038987514	23.19444444
1413	0	0.022418685	23.25
1414	0	0.027645537	22.94444444
1415	0	0.015899847	22.92592593
1416	50.5	0.21624253	22.48148148
1417	332.3333333	0.472463525	24.46296296
1418	790.3333333	0.862742645	26.30555556
1419	1262	1.165408039	27.33333333
1420	1413.666667	1.38336475	28.28703704
1421	1612.833333	1.632838359	28.90740741
1422	1798.166667	1.902109371	29.74074074
1423	1745.833333	2.105061309	30.48148148
1424	1454.833333	2.247487394	30.59259259
1425	1029.833333	2.221494297	30.62037037
1426	633.6666667	2.178290954	30.38888889
1427	300	2.018482035	29.73148148
1428	56	1.518719495	28.13888889
1429	0	0.833417006	25.75925926
1430	0	0.6470646	25.43518519
1431	0	0.375632854	24.81481481
1432	0	0.233208792	24.32407407
1433	0	0.159987572	24.01851852
1434	0	0.107824274	23.68518519
1435	0	0.069510545	23.31481481
1436	0	0.038987514	23.19444444
1437	0	0.022418685	23.25
1438	0	0.027645537	22.94444444
1439	0	0.015899847	22.92592593
1440	50.5	0.21624253	22.48148148
